20.00 82.981
20.36 82.974
20.73 82.967
21.11 82.959
21.50 82.952
21.89 82.944
22.29 82.935
22.69 82.926
23.10 82.917
23.52 82.908
23.95 82.898
24.39 82.887
24.83 82.876
25.28 82.865
25.74 82.853
26.21 82.841
26.69 82.828
27.18 82.815
27.67 82.801
28.17 82.787
28.69 82.772
29.21 82.756
29.74 82.740
30.28 82.723
30.83 82.705
31.39 82.686
31.97 82.667
32.55 82.647
33.14 82.626
33.74 82.604
34.36 82.581
34.98 82.557
35.62 82.532
36.27 82.507
36.93 82.479
37.60 82.451
38.28 82.422
38.98 82.391
39.69 82.359
40.41 82.326
41.15 82.291
41.90 82.255
42.66 82.218
43.44 82.178
44.23 82.138
45.03 82.095
45.85 82.051
46.68 82.005
47.53 81.957
48.40 81.907
49.28 81.855
50.18 81.801
51.09 81.745
52.02 81.687
52.97 81.627
53.93 81.565
54.91 81.500
55.91 81.433
56.93 81.363
57.97 81.291
59.02 81.216
60.09 81.139
61.19 81.060
62.30 80.977
63.44 80.893
64.59 80.805
65.77 80.715
66.96 80.622
68.18 80.527
69.42 80.429
70.69 80.328
71.97 80.224
73.28 80.118
74.62 80.010
75.97 79.899
77.36 79.785
78.76 79.669
80.20 79.551
81.66 79.431
83.14 79.308
84.66 79.182
86.20 79.055
87.77 78.927
89.36 78.795
90.99 78.663
92.65 78.529
94.33 78.394
96.05 78.257
97.80 78.121
99.58 77.985
101.39 77.848
103.23 77.714
105.11 77.579
107.03 77.448
108.97 77.317
110.96 77.187
112.98 77.057
115.03 76.927
117.13 76.797
119.26 76.666
121.43 76.534
123.64 76.403
125.89 76.272
128.18 76.142
130.51 76.015
132.89 75.891
135.31 75.770
137.77 75.652
140.28 75.537
142.83 75.424
145.43 75.313
148.07 75.204
150.77 75.098
153.51 74.996
156.31 74.897
159.15 74.801
162.05 74.710
165.00 74.621
168.00 74.535
171.06 74.453
174.17 74.374
177.34 74.299
180.57 74.225
183.86 74.154
187.20 74.085
190.61 74.019
194.08 73.956
197.61 73.895
201.21 73.836
204.87 73.779
208.60 73.726
212.39 73.675
216.26 73.625
220.19 73.578
224.20 73.534
228.28 73.492
232.44 73.453
236.67 73.417
240.97 73.382
245.36 73.350
249.82 73.321
254.37 73.294
259.00 73.270
263.71 73.247
268.51 73.227
273.40 73.208
278.38 73.191
283.44 73.174
288.60 73.158
293.85 73.142
299.20 73.127
304.65 73.112
310.19 73.096
315.84 73.081
321.59 73.066
327.44 73.052
333.40 73.037
339.47 73.023
345.64 73.009
351.93 72.995
358.34 72.984
364.86 72.975
371.50 72.969
378.26 72.966
385.15 72.969
392.16 72.976
399.29 72.989
406.56 73.009
413.96 73.036
421.49 73.070
429.16 73.110
436.97 73.155
444.93 73.204
453.02 73.254
461.27 73.305
469.66 73.355
478.21 73.405
486.91 73.454
495.78 73.500
504.80 73.545
513.99 73.587
523.34 73.628
532.87 73.668
542.56 73.708
552.44 73.747
562.49 73.788
572.73 73.829
583.15 73.870
593.77 73.913
604.57 73.956
615.57 73.999
626.78 74.042
638.18 74.086
649.80 74.131
661.63 74.176
673.67 74.221
685.93 74.267
698.41 74.312
711.12 74.357
724.06 74.401
737.24 74.444
750.66 74.485
764.32 74.524
778.23 74.560
792.39 74.594
806.82 74.623
821.50 74.650
836.45 74.675
851.67 74.699
867.17 74.721
882.96 74.744
899.02 74.769
915.39 74.797
932.05 74.828
949.01 74.863
966.28 74.905
983.87 74.952
1001.77 75.005
1020.00 75.066
1038.57 75.135
1057.47 75.211
1076.71 75.292
1096.31 75.380
1116.26 75.471
1136.58 75.567
1157.26 75.665
1178.32 75.766
1199.77 75.869
1221.60 75.976
1243.84 76.086
1266.47 76.197
1289.52 76.309
1312.99 76.423
1336.89 76.536
1361.22 76.650
1385.99 76.762
1411.22 76.877
1436.90 76.992
1463.05 77.110
1489.68 77.233
1516.79 77.361
1544.40 77.496
1572.50 77.640
1601.12 77.795
1630.26 77.960
1659.93 78.136
1690.14 78.321
1720.90 78.514
1752.22 78.714
1784.11 78.918
1816.58 79.126
1849.64 79.336
1883.30 79.546
1917.58 79.756
1952.48 79.967
1988.01 80.178
2024.19 80.389
2061.03 80.603
2098.54 80.820
2136.73 81.042
2175.62 81.271
2215.22 81.506
2255.53 81.744
2296.58 81.985
2338.38 82.222
2380.94 82.454
2424.27 82.675
2468.39 82.881
2513.31 83.071
2559.05 83.241
2605.63 83.389
2653.05 83.519
2701.33 83.629
2750.50 83.724
2800.55 83.807
2851.52 83.880
2903.42 83.943
2956.26 84.000
3010.06 84.048
3064.85 84.087
3120.62 84.115
3177.42 84.133
3235.25 84.138
3294.13 84.129
3354.08 84.110
3415.12 84.079
3477.27 84.041
3540.56 83.995
3605.00 83.943
3670.60 83.885
3737.41 83.822
3805.43 83.756
3874.68 83.685
3945.20 83.612
4017.00 83.535
4090.11 83.456
4164.55 83.374
4240.34 83.292
4317.51 83.208
4396.09 83.125
4476.10 83.046
4557.56 82.970
4640.50 82.901
4724.96 82.838
4810.95 82.783
4898.51 82.738
4987.66 82.701
5078.43 82.674
5170.86 82.655
5264.97 82.643
5360.79 82.634
5458.35 82.630
5557.69 82.628
5658.84 82.627
5761.82 82.630
5866.69 82.636
5973.46 82.643
6082.17 82.655
6192.87 82.672
6305.57 82.692
6420.33 82.715
6537.18 82.741
6656.15 82.769
6777.29 82.797
6900.63 82.827
7026.22 82.855
7154.10 82.879
7284.30 82.900
7416.87 82.911
7551.85 82.911
7689.29 82.896
7829.23 82.863
7971.72 82.809
8116.80 82.732
8264.53 82.633
8414.94 82.514
8568.09 82.377
8724.02 82.229
8882.79 82.071
9044.46 81.907
9209.06 81.741
9376.66 81.572
9547.31 81.399
9721.07 81.225
9897.99 81.046
10078.13 80.863
10261.55 80.673
10448.30 80.478
10638.45 80.276
10832.07 80.067
11029.21 79.852
11229.94 79.631
11434.32 79.406
11642.41 79.176
11854.30 78.942
12070.04 78.704
12289.71 78.464
12513.38 78.221
12741.12 77.976
12973.00 77.731
13209.10 77.487
13449.50 77.246
13694.28 77.006
13943.51 76.771
14197.27 76.536
14455.66 76.303
14718.74 76.070
14986.62 75.839
15259.37 75.607
15537.08 75.376
15819.85 75.144
16107.76 74.912
16400.92 74.680
16699.41 74.445
17003.33 74.211
17312.78 73.975
17627.86 73.738
17948.68 73.499
18275.34 73.258
18607.94 73.015
18946.60 72.770
19291.42 72.523
19642.52 72.275
20000.00 72.027